WedgeNumber: 1.000000
Angle: 68.007626
Area: 814172.000000
