WedgeNumber: 1.000000
Angle: 132.568893
Area: 621486.000000
