WedgeNumber: 1.000000
Angle: 24.055378
Area: 623149.000000
