WedgeNumber: 1.000000
Angle: 46.861257
Area: 764518.000000
