WedgeNumber: 1.000000
Angle: 67.477068
Area: 813346.000000
