WedgeNumber: 1.000000
Angle: 23.519595
Area: 620819.000000
