WedgeNumber: 1.000000
Angle: 69.588957
Area: 1151009.000000
