WedgeNumber: 1.000000
Angle: 68.374322
Area: 1354320.000000
