WedgeNumber: 1.000000
Angle: 20.053758
Area: 589662.000000
