WedgeNumber: 1.000000
Angle: 19.222349
Area: 598976.000000
