WedgeNumber: 1.000000
Angle: 69.752819
Area: 579299.000000
