WedgeNumber: 1.000000
Angle: 24.278618
Area: 586856.000000
