WedgeNumber: 1.000000
Angle: 19.394282
Area: 378363.000000
